256
0.164706 0.0313725 0
0.180392 0.0313725 0
0.180392 0.0313725 0
0.180392 0.0313725 0
0.207843 0.0392157 0
0.223529 0.0392157 0
0.227451 0.0392157 0
0.227451 0.0392157 0
0.227451 0.0392157 0
0.270588 0.0196078 0
0.305882 0 0
0.313725 0 0
0.313725 0 0
0.313725 0 0
0.329412 0 0
0.341176 0 0
0.352941 0 0
0.352941 0 0
0.352941 0 0
0.364706 0 0
0.376471 0 0
0.376471 0 0
0.376471 0 0
0.384314 0 0
0.388235 0 0
0.4 0 0
0.4 0 0
0.4 0 0
0.415686 0 0
0.431373 0 0
0.439216 0 0
0.439216 0 0
0.439216 0 0
0.45098 0 0
0.447059 0 0
0.454902 0 0
0.454902 0 0
0.454902 0 0
0.466667 0 0
0.482353 0 0
0.482353 0 0
0.501961 0 0
0.501961 0 0
0.52549 0 0
0.513725 0 0.00784314
0.513725 0 0.00784314
0.490196 0 0.0156863
0.490196 0 0.0156863
0.505882 0.00392157 0.0196078
0.521569 0.0156863 0.0313725
0.521569 0.0156863 0.0313725
0.529412 0.0156863 0.0352941
0.529412 0.0156863 0.0352941
0.533333 0.0235294 0.0313725
0.54902 0.027451 0.0392157
0.54902 0.027451 0.0392157
0.556863 0.0352941 0.0431373
0.556863 0.0352941 0.0431373
0.580392 0.0431373 0.0745098
0.580392 0.0431373 0.0745098
0.592157 0.054902 0.0784314
0.592157 0.054902 0.0784314
0.6 0.0666667 0.0745098
0.6 0.0666667 0.0627451
0.6 0.0666667 0.0627451
0.6 0.0705882 0.054902
0.6 0.0705882 0.054902
0.607843 0.0823529 0.0509804
0.615686 0.0901961 0.0509804
0.615686 0.0901961 0.0509804
0.654902 0.105882 0.0156863
0.654902 0.105882 0.0156863
0.678431 0.117647 0
0.678431 0.117647 0
0.686275 0.129412 0
0.690196 0.133333 0
0.690196 0.133333 0
0.701961 0.14902 0
0.701961 0.14902 0
0.709804 0.156863 0
0.721569 0.172549 0
0.721569 0.172549 0
0.72549 0.176471 0
0.72549 0.176471 0
0.733333 0.180392 0
0.741176 0.192157 0
0.741176 0.192157 0
0.74902 0.2 0
0.74902 0.2 0
0.756863 0.211765 0
0.768627 0.223529 0
0.768627 0.223529 0
0.768627 0.223529 0
0.780392 0.239216 0
0.792157 0.247059 0
0.8 0.25098 0
0.8 0.25098 0
0.8 0.25098 0
0.819608 0.270588 0
0.823529 0.278431 0
0.831373 0.286275 0
0.831373 0.286275 0
0.831373 0.286275 0
0.839216 0.298039 0
0.843137 0.305882 0
0.843137 0.305882 0
0.854902 0.305882 0.00784314
0.854902 0.305882 0.00784314
0.866667 0.309804 0.0117647
0.87451 0.321569 0.00784314
0.87451 0.321569 0.00784314
0.87451 0.321569 0.00784314
0.882353 0.329412 0.00392157
0.890196 0.341176 0
0.894118 0.34902 0
0.894118 0.34902 0
0.894118 0.34902 0
0.905882 0.364706 0
0.917647 0.372549 0
0.933333 0.388235 0
0.933333 0.388235 0
0.933333 0.388235 0
0.941176 0.396078 0
0.94902 0.407843 0
0.956863 0.415686 0
0.956863 0.415686 0
0.956863 0.415686 0
0.964706 0.427451 0
0.972549 0.439216 0
0.976471 0.443137 0
0.976471 0.443137 0
0.976471 0.443137 0
0.988235 0.45098 0.00392157
0.992157 0.454902 0.00784314
1 0.462745 0.00784314
1 0.462745 0.00784314
1 0.462745 0.00784314
1 0.47451 0.0196078
1 0.490196 0.027451
1 0.498039 0.027451
1 0.498039 0.027451
1 0.498039 0.027451
1 0.501961 0.0313725
1 0.509804 0.0509804
1 0.509804 0.0509804
1 0.509804 0.0509804
1 0.521569 0.0705882
1 0.533333 0.0823529
1 0.54902 0.0901961
1 0.54902 0.0901961
1 0.54902 0.0901961
1 0.541176 0.0745098
1 0.568627 0.0901961
0.996078 0.580392 0.0901961
0.996078 0.580392 0.0901961
0.996078 0.580392 0.0901961
0.976471 0.603922 0.0627451
0.976471 0.611765 0.0784314
0.976471 0.623529 0.0901961
0.976471 0.623529 0.0901961
0.976471 0.623529 0.0901961
0.964706 0.639216 0.0980392
0.960784 0.65098 0.109804
0.956863 0.662745 0.121569
0.956863 0.662745 0.121569
0.956863 0.662745 0.121569
0.952941 0.670588 0.129412
0.968627 0.686275 0.152941
0.968627 0.686275 0.152941
0.964706 0.694118 0.156863
0.964706 0.694118 0.156863
0.972549 0.705882 0.172549
0.968627 0.721569 0.184314
0.968627 0.721569 0.184314
0.94902 0.729412 0.192157
0.94902 0.729412 0.192157
0.945098 0.741176 0.2
0.945098 0.756863 0.219608
0.945098 0.756863 0.219608
0.945098 0.756863 0.219608
0.945098 0.756863 0.219608
0.94902 0.764706 0.219608
0.956863 0.780392 0.227451
0.956863 0.780392 0.227451
0.956863 0.780392 0.227451
0.960784 0.788235 0.243137
0.956863 0.8 0.254902
0.956863 0.8 0.254902
0.937255 0.792157 0.243137
0.937255 0.792157 0.243137
0.933333 0.803922 0.258824
0.941176 0.815686 0.270588
0.941176 0.815686 0.270588
0.945098 0.823529 0.278431
0.945098 0.823529 0.278431
1 0.803922 0.301961
1 0.815686 0.309804
1 0.815686 0.309804
1 0.827451 0.321569
1 0.827451 0.321569
1 0.831373 0.321569
1 0.831373 0.321569
1 0.843137 0.329412
1 0.85098 0.337255
1 0.85098 0.337255
1 0.862745 0.34902
1 0.862745 0.34902
1 0.894118 0.32549
1 0.905882 0.337255
1 0.905882 0.337255
1 0.909804 0.34902
1 0.909804 0.34902
1 0.913725 0.34902
1 0.921569 0.364706
1 0.921569 0.364706
1 0.933333 0.376471
1 0.933333 0.376471
1 0.941176 0.388235
1 0.952941 0.4
1 0.952941 0.4
1 0.952941 0.4
1 0.964706 0.407843
1 0.976471 0.419608
1 0.976471 0.419608
1 0.988235 0.431373
1 0.988235 0.431373
1 0.996078 0.439216
1 1 0.454902
1 1 0.454902
1 1 0.462745
1 1 0.462745
1 1 0.52549
1 1 0.529412
1 1 0.529412
1 1 0.541176
1 1 0.541176
1 0.996078 0.556863
1 0.992157 0.572549
1 0.992157 0.572549
1 0.992157 0.572549
1 0.992157 0.580392
1 0.992157 0.588235
1 1 0.6
1 1 0.63
1 1 0.68
1 1 0.707843
1 1 0.715686
1 0.996078 0.731373
1 0.996078 0.731373
1 0.996078 0.731373
1 1 0.783137
1 0.996078 0.858824
1 0.992157 0.862745
1 0.992157 0.902745
1 0.992157 0.952745
1 0.992157 0.978431
